age = 14.364465495536415
#age unit = Gyr
chistar = 14471.60757175011
#chistar unit = Gyr
cmbshift = 1.7470501951443433
nz = 500
rs_zdrag = 152.21560430059424
thetastar = 1.0327959568983243
#thetastar unit = 100 radian
zdrag = 1058.6738586425781
zstar = 1088.309483637512
