a_s = 2.35e-09
baryon = 0.17096774193548386
baryon_fraction = 0.17096774193548384
cs2_de = 1.0
h0 = 0.7
hubble = 70.0
k_s = 0.05000000074505806
massive_nu = 0
massless_nu = 3.046
n_run = 0.0
n_s = 0.95
ombh2 = 0.025969999999999993
omch2 = 0.12593
omega_b = 0.053
omega_c = 0.257
omega_k = 0.0
omega_lambda = 0.69
omega_m = 0.31
omega_nu = 0.0
ommh2 = 0.15189999999999998
omnuh2 = 0.0
r_t = 0.0
sigma_8 = 0.8791576083336299
tau = 0.08
w = -1.0
wa = 0.0
yhe = 0.23999999463558197
