age = 13.338447176254588
#age unit = Gyr
chistar = 13438.464149337933
#chistar unit = Gyr
cmbshift = 1.7471043432546136
nz = 400
rs_zdrag = 141.82412452003305
thetastar = 1.0440150722160833
#thetastar unit = 100 radian
zdrag = 1067.9817199707031
zstar = 1086.1860191749802
